0
0
0
0
0
0
0
0
0
0
0
0
0
0
0
0
0
0
0
0
0
0
0
0
0
0
0
0
0
0
0
0
0
0
0
0
0
0
0
0
0
0
0
0
0
0
0
0
0
0
0
0
0
0
0
0
0
0
0
0
0
0
0
0
0
0
0
0
0
0
0
0
0
0
0
0
0
0
0
0
0
1
0
0
0
0
0
0
0
0
0
0
0
0
0
0
0
0
0
0
0
0
0
0
0
0
0
0
0
0
0
0
0
0
0
0
0
0
0
0
0
0
0
0
0
0
0
0
0
0
0
0
0
0
0
0
0
0
0
0
0
0
0
0
0
0
0
0
0
0
0
0
0
0
0
0
0
0
0
0
0
0
1664
10618
3087
16836
16857
15751
14805
10560
30577
24010
21182
15093
30497
18964
14017
18471
1675
32102
12781
24187
17218
13587
18838
32347
13207
32020
19015
8912
9519
21291
29142
2355
26134
10527
14518
10196
26269
30941
14610
14125
26620
15369
523
6656
1359
27411
18674
19779
8736
11918
25094
22899
6995
10289
13787
869
31981
10091
2099
13179
30914
16442
22696
13980
26571
4469
27947
7419
16751
4721
12807
3936
10683
32371
2721
31809
279
26387
29156
31371
15799
7499
24787
12481
18574
31632
23926
29566
7497
10736
21459
10052
1628
14290
28265
15856
31702
23965
2856
26867
27995
25359
9620
19942
5417
1503
7755
13275
23504
20133
11229
15439
20924
2276
30844
19275
21883
3452
31649
18136
9004
15760
32370
20139
17184
28278
27978
31065
7034
7657
8297
1333
18956
4202
8562
16250
24950
31293
8959
11543
11797
1573
25381
15611
17648
29599
2426
31875
20624
8438
15547
27428
21784
9256
11225
9000
32458
6214
6608
6633
31651
31616
9037
14997
25195
25787
28880
4908
16161
30265
22399
13314
1637
17759
3746
16048
28433
30314
5947
29193
721
1367
16107
17716
7219
9243
18155
23751
585
14499
11116
20795
24456
23546
20344
24293
29502
18019
27892
11257
4762
21208
6137
23052
22473
14126
26747
5354
15222
13424
29888
16711
18029
24047
12994
21147
3809
9209
5704
10181
20066
4553
21792
6931
2886
9475
8818
12946
4553
20359
28127
4719
20196
4893
17061
31662
2156
14620
18101
15900
27566
28355
4415
